5.71088 66.069
5.71205 66.0963
4.24701 35.6255
0.476798 1.34314
9.18924 167.912
5.78597 67.8339
7.73706 119.841
0.301414 1.13662
0.330308 1.16415
4.82331 46.6394
2.06259 8.03632
0.872037 2.16417
8.94143 159.013
8.97742 160.287
7.5817 115.233
8.26864 136.338
2.70082 13.6844
5.06118 51.5729
8.37541 139.797
3.88144 29.3925
5.06412 51.6351
4.28138 36.2426
7.07081 100.698
8.79115 153.763
8.87308 156.612
4.37818 38.0089
8.18077 133.529
2.61365 12.7985
6.21004 78.1266
7.4816 112.312
6.66427 89.7531
8.36494 139.456
3.66324 25.9716
0.962498 2.42428
9.76288 189.684
9.4415 177.284
1.55168 4.83453
7.48343 112.366
1.89851 6.88679
4.17347 34.3224
8.02917 128.761
4.19241 34.6558
4.73301 44.8234
8.75365 152.47
4.46946 39.7117
1.15132 3.05835
7.18991 104.006
6.44735 84.1233
1.2332 3.37277
7.9925 127.622
7.39478 109.809
5.05249 51.3888
2.48939 11.5994
8.1694 133.168
7.68834 118.386
9.82897 192.298
0.836433 2.06935
6.534 86.3551
6.78222 92.8749
2.77049 14.4193
6.92366 96.676
9.46078 178.013
5.09594 52.3115
6.15781 76.8295
0.664212 1.66976
9.65386 185.42
8.09914 130.949
7.38054 109.401
0.291083 1.12739
2.45187 11.2519
8.56632 146.11
9.57522 182.381
4.66141 43.4064
6.80533 93.4919
4.16841 34.2337
6.49883 85.4464
6.51607 85.8914
4.99768 50.235
1.68193 5.54685
9.82382 192.094
2.09511 8.27837
4.49778 40.247
6.06537 74.5538
5.35508 57.9531
6.40255 82.9781
2.93979 16.305
0.533359 1.43005
7.20438 104.411
8.03219 128.855
5.6713 65.1458
7.33593 108.127
6.87309 95.3096
9.94614 196.984
3.3594 21.5947
6.06367 74.5122
1.22486 3.33963
0.522477 1.41255
6.63422 88.9647
3.64973 25.7673
9.58256 182.663
3.25832 20.2401
7.32378 107.781
0.750119 1.85696
2.66726 13.3389
9.71906 187.963
3.86578 29.1395
3.51573 23.7899
2.59856 12.6489
5.39112 58.7561
6.68634 90.334
8.09672 130.874
9.98888 198.71
7.07143 100.715
3.59224 24.9083
1.28238 3.57345
0.738682 1.83066
3.42643 22.5212
8.01109 128.199
5.18052 54.1268
6.48602 85.1163
9.69803 187.141
9.76205 189.652
1.70639 5.68838
3.75049 27.312
2.45846 11.3125
2.85809 15.3773
0.255713 1.09826
7.83659 122.842
7.50431 112.972
4.79692 46.1054
9.59598 183.18
7.49092 112.583
7.99084 127.571
8.62344 148.032
6.55502 86.8999
6.94569 97.2736
0.700268 1.74542
9.42433 176.636
8.83384 155.243
1.78521 6.16117
5.70114 65.8414
5.43776 59.8019
6.91041 96.3173
8.80171 154.128
7.29455 106.952
1.30012 3.64802
7.24038 105.422
4.65175 43.2169
9.42901 176.812
7.44991 111.395
5.93141 71.302
4.92878 48.8005
9.6744 186.219
4.90168 48.241
0.456614 1.31454
5.20255 54.6038
5.69032 65.5887
7.80711 121.949
9.46974 178.353
1.08966 2.83749
6.73557 91.6352
6.22794 78.573
1.40386 4.1078
8.145 132.395
7.10173 101.552
4.18664 34.554
8.48262 143.322
7.78279 121.215
1.69705 5.63403
0.416613 1.2616
0.0722049 1.00782
2.2734 9.69045
1.51108 4.6264
1.64402 5.33244
9.64365 185.024
3.78979 27.9278
5.50224 61.2596
3.46761 23.1013
5.18583 54.2415
2.12904 8.53594
8.04521 129.261
3.94096 30.3652
1.27908 3.5597
7.81968 122.329
8.03144 128.832
6.18863 77.5938
9.00035 161.101
3.02599 17.3199
3.45247 22.887
5.58646 63.1841
4.36258 37.7215
4.41913 38.7684
6.63893 89.0882
3.25487 20.1948
7.77963 121.119
2.42743 11.0292
2.47276 11.4445
5.74816 66.943
7.72709 119.542
0.214541 1.06913
0.457127 1.31525
4.84953 47.1726
3.41013 22.2938
9.82213 192.027
5.31385 57.0399
7.70138 118.775
7.00963 99.0174
4.56773 41.5842
9.5121 179.964
9.03943 162.496
3.24721 20.0943
7.7334 119.731
2.30873 9.98775
3.18995 19.3528
1.04165 2.67485
8.9918 160.797
0.35585 1.19061
1.57247 4.94366
8.65795 149.2
5.68931 65.5653
1.73194 5.83881
3.48784 23.3894
8.60279 147.335
1.23878 3.39509
8.65588 149.13
6.33493 81.2613
0.851291 2.1084
9.99479 198.95
0.356605 1.19142
6.45016 84.1952
9.8074 191.442
8.88799 157.133
4.72715 44.7067
9.48667 178.996
4.10927 33.2049
9.77314 190.089
2.12241 8.48519
6.287 80.0528
4.39447 38.3102
6.79013 93.0859
9.55434 181.579
9.28018 171.254
1.81135 6.32374
5.93535 71.3968
9.75765 189.478
6.96085 97.686
3.17442 19.1544
9.20535 168.501
6.17204 77.1819
6.98904 98.4545
8.13785 132.169
8.73682 151.891
2.90123 15.863
1.07446 2.78514
6.14298 76.4626
8.28858 136.98
0.406151 1.24857
2.47214 11.4388
2.41753 10.9398
6.48353 85.0522
3.46993 23.1343
3.03837 17.4688
9.1809 167.607
0.201646 1.06106
9.59138 183.003
4.20429 34.8656
9.14909 166.449
3.56191 24.4614
6.88176 95.5433
8.06304 129.818
6.07721 74.8439
0.101038 1.01532
8.82859 155.06
8.004 127.979
2.54016 12.0803
9.80046 191.168
0.456214 1.31399
1.89705 6.87708
3.41621 22.3784
1.5087 4.61443
6.02706 73.6182
3.00443 17.0626
8.34832 138.914
2.06446 8.05017
3.41241 22.3256
7.96308 126.712
4.79742 46.1155
5.35778 58.013
7.70593 118.91
8.58737 146.816
5.5365 62.0397
4.71367 44.4387
7.18665 103.915
1.53152 4.73036
1.82091 6.38389
9.71428 187.776
0.990323 2.5099
9.93983 196.73
4.32709 37.0716
5.46899 60.5062
3.29835 20.7705
8.41488 141.089
5.15535 53.5838
8.48129 143.278
7.98514 127.394
1.257 3.46879
1.7517 5.95701
9.08738 164.217
0.40108 1.24237
9.07733 163.856
4.3943 38.307
7.42015 110.537
2.31018 10
8.48762 143.487
1.43436 4.25081
2.84244 15.2033
0.995236 2.5253
6.91443 96.4259
3.31533 20.9979
3.26825 20.3709
1.22631 3.34538
7.94729 126.226
1.31816 3.72506
9.71578 187.835
9.82801 192.26
5.66325 64.9588
8.75765 152.607
8.77889 153.339
7.85463 123.39
4.26481 35.9445
8.31419 137.807
3.13702 18.6818
8.87158 156.559
7.12074 102.079
5.93391 71.3623
9.7608 189.603
1.93132 7.1072
6.4884 85.1776
3.71036 26.6909
4.94098 49.0532
7.53965 114.002
7.34333 108.338
9.9969 199.035
0.609757 1.56339
2.70624 13.7408
6.35221 81.6987
2.21541 9.21515
1.68931 5.58933
3.66459 25.9922
5.73877 66.7223
7.77058 120.847
5.34294 57.6837
1.9574 7.2858
7.49705 112.761
7.60968 116.056
6.00351 73.0454
0.576921 1.50382
4.31236 36.8034
2.74844 14.1842
3.69085 26.3918
5.16643 53.8225
6.53664 86.4234
7.60023 115.778
3.68303 26.2725
0.390161 1.2293
1.68656 5.57349
9.48479 178.924
5.99102 72.7424
9.86792 193.848
1.67405 5.50181
4.65813 43.3422
4.30323 36.6376
3.74453 27.2194
2.71756 13.8588
8.49059 143.586
7.83588 122.82
3.29056 20.6667
8.1408 132.262
6.60909 88.3076
2.21784 9.23477
7.67021 117.847
8.25169 135.794
8.50744 144.145
5.17537 54.0154
4.02833 31.8229
6.41848 83.3847
7.455 111.543
7.04176 99.8986
2.82883 15.0531
7.36532 108.965
0.0541095 1.00439
7.03926 99.8299
3.91652 29.9639
4.71362 44.4376
6.37793 82.3516
0.0993929 1.01482
7.34053 108.258
3.74294 27.1946
8.96815 159.958
0.0276386 1.00115
9.59353 183.086
1.66819 5.46845
3.39478 22.0809
3.86549 29.1348
2.27087 9.66946
6.91399 96.4141
9.37373 174.735
2.54615 12.1378
2.09017 8.24131
6.45819 84.4012
8.36141 139.341
6.55529 86.9069
2.81164 14.8646
1.15208 3.06116
1.74027 5.8884
3.21481 19.6727
6.3604 81.9064
6.06932 74.6505
9.61451 183.895
0.387043 1.22563
2.46638 11.3855
3.74546 27.2338
5.31734 57.117
1.52812 4.71296
4.30142 36.6049
9.97574 198.179
1.51802 4.66151
6.59936 88.0537
3.1639 19.0207
5.70738 65.9871
6.02998 73.6894
7.55103 114.334
6.9993 98.7348
6.88018 95.5009
3.16968 19.0941
6.34467 81.5078
2.02028 7.72858
9.10346 164.797
5.11096 52.632
5.52638 61.8087
3.36558 21.6792
1.29998 3.64742
1.05571 2.72165
0.843374 2.08751
1.92442 7.06047
8.20643 134.346
3.78047 27.7811
9.36155 174.279
1.85966 6.63181
3.58722 24.8339
1.5305 4.72513
4.45738 39.4842
1.53658 4.75637
3.95663 30.624
0.0486604 1.00355
1.56266 4.89195
6.85184 94.7382
5.80747 68.3424
8.63905 148.56
8.99334 160.852
6.76145 92.3223
4.71901 44.5446
4.52559 40.7762
1.29595 3.63036
2.26929 9.65625
0.760581 1.8814
3.73437 27.0617
4.95855 49.4181
9.9345 196.516
9.60954 183.704
9.0689 163.553
6.97474 98.0643
7.77148 120.874
3.51907 23.8382
2.65215 13.1852
5.2873 56.4548
2.93514 16.2514
8.08423 130.481
2.81321 14.8817
8.72993 151.655
3.18872 19.337
6.56893 87.2611
3.55766 24.3992
2.13141 8.55411
0.581039 1.5111
8.99761 161.004
7.81523 122.194
5.80416 68.2641
3.92725 30.1396
3.07221 17.8793
1.64338 5.32889
9.44497 177.415
5.61779 63.9059
2.01887 7.71844
7.07831 100.905
2.08888 8.23159
2.27082 9.66898
5.85284 69.4202
4.76459 45.4549
1.63392 5.27631
0.345773 1.17993
6.76209 92.3393
9.89457 194.913
6.67012 89.907
8.84177 155.519
0.74818 1.85248
2.27181 9.67721
0.219115 1.07211
0.0312815 1.00147
0.421604 1.26793
0.234337 1.0825
5.16127 53.7114
1.45753 4.3618
0.227257 1.07758
1.63007 5.25502
4.76656 45.4942
3.01369 17.1729
8.34766 138.893
8.27893 136.669
5.47855 60.7223
7.91925 125.364
1.66522 5.45161
6.13915 76.3679
7.76037 120.54
3.85948 29.038
9.02839 162.101
1.75891 6.00054
3.85759 29.0076
8.11902 131.575
8.19831 134.087
5.5778 62.9851
3.58036 24.7327
4.99691 50.2188
2.78382 14.5627
8.95531 159.503
9.81453 191.725
2.10677 8.36625
6.5223 86.0524
0.862038 2.13711
8.8517 155.865
9.71978 187.991
8.60126 147.284
4.09845 33.0185
3.6915 26.4018
4.1276 33.5222
8.00366 127.968
9.3519 173.919
5.25203 55.6814
2.38981 10.6919
1.53822 4.76484
9.75346 189.313
9.87833 194.264
3.72294 26.8849
2.86881 15.4971
6.70027 90.7016
1.49696 4.55554
4.86054 47.3973
8.52001 144.563
3.37601 21.8222
4.09046 32.8812
5.6258 64.0909
7.80468 121.875
3.47197 23.1633
5.49047 60.9925
6.12735 76.0768
6.44676 84.1081
6.44882 84.1608
2.4002 10.7844
2.65076 13.1712
4.12277 33.4384
1.87302 6.71877
5.16259 53.7398
4.34781 37.4504
3.17894 19.212
8.08156 130.398
0.727792 1.80601
9.329 173.065
3.20256 19.5147
3.97937 31.0017
0.790863 1.95416
5.2286 55.17
3.48575 23.3595
6.72776 91.4284
6.4394 83.9195
4.9925 50.1265
5.61286 63.7921
2.49957 11.6948
4.46149 39.5615
2.95728 16.508
1.65427 5.38985
6.52552 86.1357
7.14089 102.639
9.85068 193.161
1.69685 5.63286
3.87573 29.3001
5.89736 70.4842
4.00745 31.4713
4.97257 49.7102
9.46693 178.247
8.70377 150.76
5.08044 51.9814
2.57216 12.3898
0.997484 2.53237
9.56175 181.863
7.76617 120.715
9.11524 165.223
9.48173 178.808
9.06174 163.295
3.7608 27.473
6.29043 80.139
3.90573 29.7875
3.43569 22.6509
2.23258 9.35429
3.96015 30.6822
5.69714 65.7478
9.39792 175.642
7.37039 109.11
6.61561 88.4778
3.52594 23.9374
7.73013 119.633
8.34397 138.773
1.68983 5.59228
4.36622 37.7884
2.95562 16.4886
9.74099 188.823
7.79002 121.433
0.509956 1.39288
4.5283 40.828
8.13212 131.988
2.61305 12.7925
4.03786 31.9841
4.37921 38.0279
2.95707 16.5056
0.983209 2.48775
4.51401 40.5555
9.34326 173.596
0.298473 1.13396
5.26876 56.0477
1.45314 4.34064
1.45942 4.37096
7.8367 122.845
9.66727 185.942
1.75447 5.97367
7.08977 101.222
9.93781 196.649
9.66182 185.73
5.1914 54.3622
0.309084 1.14368
9.40449 175.889
3.24382 20.0499
7.72948 119.614
7.07038 100.686
6.88515 95.6349
1.39187 4.05259
8.95222 159.394
7.67069 117.861
8.14888 132.518
1.29169 3.61241
8.17288 133.278
5.86682 69.7537
7.71781 119.265
7.10369 101.607
4.41338 38.6613
5.73541 66.6434
9.77514 190.168
6.97013 97.9387
4.30397 36.6511
7.71249 119.106
6.16149 76.9206
9.53764 180.94
4.27172 36.0686
5.87013 69.8328
7.91559 125.251
4.1767 34.3791
8.15357 132.666
7.55246 114.376
6.42173 83.4676
1.25671 3.46761
6.12145 75.9313
8.70753 150.889
4.84119 47.0027
9.10572 164.879
6.30196 80.4292
6.43796 83.8827
0.25348 1.09655
1.91314 6.9845
5.21763 54.9313
6.35344 81.7301
6.92915 96.8249
6.00317 73.0372
2.55211 12.1953
1.41797 4.17349
4.48398 39.9858
7.68069 118.158
8.77761 153.295
8.82801 155.04
6.93829 97.0726
4.39965 38.4063
3.94878 30.4942
8.24383 135.541
6.81828 93.8381
2.55288 12.2027
5.25091 55.6569
0.442895 1.29583
2.39816 10.7662
0.100629 1.01519
2.48827 11.5889
0.558796 1.4724
8.98834 160.674
0.95569 2.40373
7.22502 104.99
0.744265 1.84345
7.13253 102.406
7.24198 105.467
5.00609 50.4113
6.52126 86.0254
3.58636 24.8213
5.09434 52.2774
0.800931 1.97902
1.54865 4.81879
2.34034 10.2586
7.07906 100.926
6.05332 74.2591
9.73252 188.491
9.78381 190.51
2.35182 10.3581
5.58573 63.1673
5.36705 58.2194
8.66839 149.555
5.34392 57.7054
7.43746 111.036
4.28235 36.2601
3.54716 24.2458
0.420095 1.26601
9.9159 195.769
9.72316 188.124
7.90634 124.968
6.09827 75.3607
1.38768 4.03341
9.74853 189.12
8.99818 161.024
9.23182 169.471
7.71629 119.22
2.40542 10.8311
5.13251 53.0931
1.49055 4.52363
0.128603 1.02482
1.85221 6.58362
3.29392 20.7114
9.85481 193.325
2.06135 8.02722
4.16934 34.25
1.48725 4.50729
5.67567 65.2476
2.87207 15.5337
1.64949 5.36301
0.816593 2.01836
5.78725 67.8639
1.95488 7.26843
1.51348 4.63852
3.24167 20.0218
6.15876 76.8529
5.84623 69.2628
0.655313 1.65173
0.551882 1.46069
3.08593 18.0474
8.99088 160.764
0.395749 1.23594
1.18738 3.19384
7.43118 110.855
5.84476 69.2279
3.18516 19.2915
6.75139 92.055
3.62009 25.3224
6.69716 90.6194
0.24042 1.08684
7.4234 110.631
9.58624 182.805
6.42492 83.5493
3.28113 20.5414
8.9356 158.807
0.905609 2.25746
7.79069 121.453
8.2289 135.063
6.67316 89.9871
1.03568 2.65521
9.07035 163.605
7.22863 105.091
7.30485 107.244
9.53452 180.82
1.28826 3.59801
1.77769 6.11492
9.47497 178.551
8.87484 156.673
7.43715 111.027
8.64051 148.609
4.04791 32.1545
1.23622 3.38486
3.42144 22.4515
0.494354 1.36905
8.35096 139
3.76901 27.6013
0.649012 1.63911
3.9942 31.2493
9.20661 168.547
4.07091 32.5462
9.86425 193.702
1.06029 2.73704
5.99506 72.8402
9.45613 177.837
2.36077 10.4362
6.2456 79.0143
2.47952 11.5073
7.83892 122.912
9.61433 183.889
0.21414 1.06887
3.42779 22.5402
7.15017 102.897
1.33143 3.78252
4.60477 42.3003
0.718192 1.7846
8.82684 155
7.72728 119.548
3.18792 19.3267
8.5052 144.071
0.638183 1.61773
0.89321 2.22256
8.67124 149.652
7.2661 106.147
8.75644 152.566
6.79317 93.167
0.211665 1.06729
0.963836 2.42833
7.80251 121.81
4.78723 45.9099
1.72858 5.81882
2.00401 7.61234
1.71988 5.76745
6.0936 75.2459
1.88773 6.81541
4.91344 48.4834
3.79234 27.968
4.9135 48.4847
8.11402 131.417
6.8489 94.659
9.46123 178.031
2.94908 16.4126
4.40875 38.5751
3.32597 21.1411
5.61223 63.7774
7.86415 123.679
0.956074 2.40489
5.05833 51.5126
4.60543 42.3133
4.55921 41.4202
1.01307 2.58187
8.00972 128.156
4.10588 33.1465
3.99534 31.2683
0.276337 1.11479
6.8385 94.38
5.60231 63.5487
3.49479 23.4889
8.15356 132.666
9.65231 185.36
4.37414 37.9344
7.59094 115.505
7.11871 102.023
1.00417 2.55351
2.98491 16.8317
6.82457 94.0066
6.48764 85.1582
2.04274 7.89097
6.84049 94.4333
4.66471 43.4714
6.66348 89.7326
3.67105 26.0901
7.89224 124.537
8.02539 128.643
1.00939 2.5701
5.27614 56.2097
7.22812 105.077
0.118826 1.02119
6.25763 79.3155
1.30778 3.68057
4.94478 49.132
3.65318 25.8195
0.299549 1.13493
0.565547 1.48398
1.39402 4.06243
4.25497 35.7679
5.75983 67.2175
0.259725 1.10137
1.63811 5.29957
3.42719 22.5318
0.391436 1.23081
2.09019 8.24143
5.29539 56.6328
0.286325 1.12325
6.95678 97.5751
0.980477 2.4793
6.94326 97.2078
9.61926 184.079
0.0509617 1.0039
2.60863 12.7486
0.704082 1.75367
4.90218 48.2515
5.71197 66.0944
8.94186 159.028
7.31874 107.638
7.42457 110.665
0.306376 1.14116
2.54241 12.1019
5.03898 51.1034
1.51188 4.63043
2.25826 9.56492
6.31426 80.7392
3.31616 21.009
4.19631 34.7246
3.93759 30.3096
6.00826 73.1609
3.43386 22.6251
5.38711 58.6667
9.35124 173.894
2.5933 12.597
7.30638 107.287
3.24803 20.1051
5.90268 70.6116
0.0357024 1.00191
2.02534 7.76497
5.93569 71.4052
3.15788 18.9445
3.7007 26.5426
5.29617 56.65
9.08103 163.989
2.0568 7.99376
0.918908 2.29547
9.53933 181.004
6.13658 76.3044
9.42814 176.779
5.88066 70.0845
8.3945 140.421
1.48387 4.49054
3.77208 27.6495
3.58325 24.7753
5.34705 57.7747
2.52818 11.9657
5.43438 59.7258
7.67928 118.117
7.52912 113.695
4.39121 38.2497
1.38845 4.03691
2.60214 12.6843
9.6404 184.898
4.7809 45.7825
4.93999 49.0326
0.289204 1.12575
3.63508 25.547
4.61428 42.4851
7.44089 111.135
4.93094 48.8452
6.80585 93.5057
5.22704 55.1361
1.68209 5.54778
3.38316 21.9206
1.27791 3.55484
2.84344 15.2144
9.45695 177.868
8.6335 148.372
6.47815 84.914
2.47629 11.4773
3.20455 19.5403
4.32874 37.1017
8.24724 135.651
8.77842 153.323
8.20003 134.142
6.32539 81.0202
4.62417 42.6778
4.21189 35.0001
8.30545 137.525
1.80743 6.29921
5.45538 60.1987
1.67366 5.49962
8.87732 156.76
1.96599 7.34523
8.20924 134.435
0.578406 1.50644
9.15197 166.554
2.77445 14.4618
3.92502 30.1031
1.87538 6.73422
2.23557 9.37865
8.01834 128.424
6.14453 76.5008
8.90694 157.798
2.62673 12.929
8.30317 137.451
8.60738 147.49
6.34315 81.4694
